AT5G45300	AT1G78700	AT3G15500	AT1G19040	AT1G01720	AT5G08130	AT1G69010	AT2G46270	AT2G18160	AT5G11260	AT5G06950	AT1G77920	AT1G32150
1	0.0085659429921725	0.0121104711268646	1.1346920691183	0	7.56018313395349	1.05434943139863	0.132329050361837	0.199822773593263	1.16910352975929	0.32122286220646	0.0259932063210752	0.666666666666652	0.0573032048441886
2	0.00910965967686491	0.0299071845995187	1.1986937091784	0	10.0412512891031	0.844792024750744	0.145238913716054	0.169989687177724	1.3444482640082	0.327432107253346	0.0264695771742867	0.503781368167741	0.0823306978343078
3	0.0092464170134073	0.042995839112344	0.733703190013869	0.000462320850670365	3.65649560795191	1.10564031437818	0.0698104484512252	0.223300970873788	1.37216828478965	0.983125288950537	0.0566343042071199	0.0242718446601942	0.107258437355524
4	0.0194384449244061	0.0304535637149029	0.511879049676028	0	4.9077753779698	0.890496760259155	0.0492440604751621	0.214902807775379	1.87688984881205	1.06501079913604	0.0784017278617714	0.330453563714904	0.0967602591792661
5	0.0286153846153846	0.0164615384615385	0.525538461538463	0	7.987846153846	0.792923076923101	0.0881538461538472	0.111692307692309	1.73184615384622	0.724615384615406	0.0889230769230781	0.043846153846154	0.111692307692309
6	0.019303548	0.005496432	0.422713595	0	3.628925834	0.501623103	0.04092071	0.180739692	1.259683321	0.911999435	0.069349435	0.046330957	0.090418454
7	0.0168899242865463	0.0029120559114735	0.246942341292953	0	3.65987186953988	0.362842166569598	0.0267909143855562	0.234711706464765	1.10017472335469	0.617938264414678	0.0594059405940594	0.0588235294117647	0.0838672102504367
8	0.0217171717171717	0.00808080808080808	0.598484848484848	0	3.59797979797978	0.640404040404039	0.0550505050505051	0.126767676767677	1.41919191919191	1.2060606060606	0.0792929292929295	0.0338383838383838	0.0969696969696973
9	0.016402888	0.01304299	0.563530013	0	3.904824086	0.606350632	0.054813484	0.214177922	1.436450032	1.155949664	0.082367394	0.284147117	0.099599656
10	0.00263653483992467	0.0143126177024482	0.703954802259883	0	4.08926553672316	0.652730696798486	0.0470809792843692	0.290018832391714	1.91337099811676	1.20225988700563	0.0595103578154427	0.533709981167602	0.133709981167608
11	0.0301692420897719	0.0117733627667402	0.423105224429728	0	3.7203826342899	0.559970566593084	0.0625459896983075	0.138337012509198	0.959529065489334	1.10963944076527	0.105224429727741	0.0345842531272995	0.0654893303899926
12	0.032176215	0.008248877	0.436349467	0	4.602562266	0.817673817	0.071628858	0.141732178	1.942915443	0.829080385	0.084320233	0.045077584	0.080752847
13	0.0318949343339587	0.0100062539086929	0.464352720450286	0	4.39399624765484	0.995934959349605	0.0794246404002501	0.148843026891807	2.43683552220139	0.693245778611638	0.0959974984365227	0.0581613508442776	0.0938086303939961
14	0.0324574961360124	0.00649149922720247	0.408346213292121	0	4.81112828438958	0.639412673879446	0.0638330757341577	0.134621329211747	1.4489953632148	0.964914992272018	0.072642967542504	0.0319938176197837	0.0676970633693972
15	0.00862068965517241	0.00344827586206896	0.355172413793104	0	5.87413793103447	0.632758620689655	0.0482758620689655	0.167241379310345	1.93275862068965	1.35	0.0431034482758621	0.046551724137931	0.093103448275862
16	0.039647577092511	0.00748898678414097	0.17063142437592	0.000146842878120411	3.26402349486054	0.63759177679882	0.0694566813509546	0.152422907488989	1.40367107195298	0.823935389133615	0.0919236417033781	0.0571218795888399	0.0759177679882529
17	0.00681481481481481	0.00859259259259259	2.4337777777778	0	4.92059259259264	0.269925925925925	0.0927407407407405	0.269629629629628	1.59200000000004	0.980740740740765	0.0616296296296295	0.129777777777777	0.066074074074074
18	0.0137677833868747	0.0137677833868747	1.55943093162	0	4.2813217072051	0.236805874254247	0.0908673703533733	0.397430013767787	1.44653510784762	0.688389169343734	0.0559889857732904	0.858191831115178	0.0711335474988526
19	0.042362002567394	0.00866495507060334	0.608472400513478	0	3.84242618741977	0.315789473684209	0.125160462130937	0.305519897304234	1.11874197689346	0.302631578947367	0.0786264441591784	0.0404364569961488	0.0532734274711167
20	0.031946371	0.004854369	1.341955617	0	10.21228618	0.388037448	0.135205733	0.162101248	2.133737864	0.843435044	0.061130374	0.045896902	0.241088766
21	0.0428571428571429	0	1.02857142857143	0	13.5928571428571	0.407142857142857	0.157142857142857	0.178571428571429	2.85	1.04285714285714	0.0785714285714286	0.0642857142857143	0.292857142857143
22	0.0210355987055016	0.00970873786407767	1.65533980582524	0	6.83171521035599	0.368932038834951	0.113268608414239	0.145631067961165	1.41747572815534	0.644012944983818	0.0436893203883495	0.0275080906148867	0.189320388349515
23	0.047549206	0.010347446	0.858222581	0	6.961841814	0.232668027	0.184654452	0.263219891	1.508523986	0.612045124	0.128183343	0.217381811	0.12908202
24	0.0557971014492754	0.0108695652173913	0.350724637681158	0	5.89311594202889	0.188043478260869	0.178260869565217	0.278623188405797	1.26268115942027	0.766666666666654	0.125362318840579	0.189130434782608	0.130434782608695
25	0.0393013100436681	0.00982532751091703	1.36572052401746	0	8.03056768558951	0.277292576419214	0.191048034934498	0.247816593886463	1.75436681222706	0.457423580786025	0.131004366812227	0.245633187772926	0.127729257641922
26	0.0431924882629108	0.00751173708920188	1.28920187793427	0	9.19107981220671	0.228169014084506	0.178403755868544	0.290610328638497	1.81408450704225	0.5943661971831	0.0924882629107982	0.0582159624413145	0.132394366197183
27	0.0541516245487364	0.0036101083032491	0.207581227436823	0.00180505415162455	5.32039711191339	0.122743682310469	0.0279783393501805	0.157942238267148	0.948555956678707	0.38808664259928	0.0586642599277978	0.0550541516245487	0.0577617328519855
28	0.00461467466543609	0.00622981079833872	1.18597138901707	0	3.84771573604059	0.245962159667745	0.0622981079833868	0.371712044300885	1.02561144439316	1.34979233964002	0.0389940009229349	0.705353022611896	0.0807568066451309
29	0.0405000880436695	0.0855784469096662	0.330339848564887	0.000352174678640606	6.67511885895413	0.854199683042764	0.291776721253743	0.176615601338264	1.55150554675121	0.908258496214089	0.181546046839233	0.0183130832893115	0.161472090156718
30	0.0316604127579737	0.0680112570356474	0.289165103189496	0.000234521575984991	7.8065196998123	1.23639774859286	0.157598499061916	0.205440900562855	2.48311444652906	1.36280487804877	0.19348030018762	0.189962476547845	0.124530956848031
31	0.0473474044495151	0.040501996577296	0.182544209925842	0	6.71990872789507	0.784940102681115	0.166001140901312	0.114090131203651	1.78379920136906	0.908727895037075	0.151739874500856	0.0559041642897889	0.119224187107815
32	0.036296264	0.032415715	0.489025778	0	7.780858389	1.83703882	0.083194742	0.211599341	3.587531183	1.424442353	0.117780501	0.021798912	0.129648271
33	0.0502283105022831	0.045662100456621	0.410958904109589	0	8.72146118721461	1.90410958904109	0.0593607305936073	0.228310502283105	3.56164383561643	1.40639269406393	0.114155251141553	0.0228310502283105	0.118721461187215
34	0.0223642172523962	0.0191693290734824	0.567092651757188	0	6.84025559105433	1.7699680511182	0.10702875399361	0.194888178913738	3.61341853035144	1.44249201277955	0.121405750798722	0.0207667731629393	0.140575079872204
35	0.061296155	0.021907118	0.285354016	0	7.263818043	1.227236391	0.088361249	0.211086791	1.396593072	1.208564903	0.179548915	0.029606014	0.12820708
36	0.0486486486486487	0.0297297297297297	0.243243243243243	0	8.74594594594595	1.5108108108108	0.0675675675675676	0.291891891891892	1.69459459459459	0.994594594594592	0.151351351351351	0.0486486486486487	0.164864864864865
37	0.073943661971831	0.0140845070422535	0.327464788732394	0	5.78169014084508	0.943661971830985	0.109154929577465	0.130281690140845	1.09859154929577	1.42253521126761	0.207746478873239	0.0105633802816901	0.0915492957746479
38	0.060706438	0.021264807	0.340249643	0	6.004545025	1.917366265	0.135551457	0.157480573	3.707848744	1.025866221	0.131911581	0.032978259	0.1080281
39	0.0541051835035945	0.00983730609156262	0.109345440786984	0	4.33409004918656	1.17896329928114	0.0961029133560347	0.141884222474461	1.98108210367011	0.98827090427546	0.117669315172153	0.0351872871736663	0.0756715853197125
40	0.0673076923076923	0.0326923076923077	0.571153846153845	0	7.67500000000005	2.65576923076922	0.175	0.173076923076923	5.43461538461539	1.06346153846154	0.146153846153846	0.0307692307692308	0.140384615384615
41	0.0806223479490805	0.0212164073550212	0.377652050919377	0.00141442715700141	8.60113154172562	1.77510608203678	0.111739745403112	0.162659123055162	2.62517680339463	1.44130127298445	0.148514851485148	0.0141442715700141	0.107496463932107
42	0.107594936708861	0.0253164556962025	0.0949367088607595	0	15.1582278481013	0.132911392405063	0.215189873417722	0.449367088607595	1.17088607594937	0.867088607594937	0.30379746835443	0.284810126582278	0.20253164556962
43	0.0197319434102755	0.0361131794489948	0.254467609828743	0	5.59940431868949	0.714817572598653	0.124720774385704	0.129560685033507	2.12062546537595	0.960163812360359	0.117088607594937	0.15692479523455	0.112062546537603
44	0.0345804988662131	0.0345804988662131	0.349206349206349	0	12.6916099773242	0.592403628117912	0.180839002267574	0.341269841269841	1.07482993197279	0.661564625850338	0.150793650793651	0.208616780045352	0.143990929705216
45	0.0513595166163144	0.0585148672284945	0.334790904754339	0.00222610907934489	14.4563523612661	0.420098584830666	0.261965336301485	0.279217681666408	1.27889966608367	0.547225314040401	0.130942916202896	0.220066783272385	0.176260136746704
